
 1 + D^7
 Fatores: 
   [[0, 0, 0, 0, 0, 0, 1, 1], [0, 0, 0, 0, 1, 0, 1, 1], [0, 0, 0, 0, 1, 1, 0, 1]]
 1 + D^15
 Fatores: 
   [[0, 0, 0, 0, 0, 0, 1, 1], [0, 0, 0, 0, 0, 1, 1, 1], [0, 0, 0, 1, 0, 0, 1, 1], [0, 0, 0, 1, 1, 0, 0, 1], [0, 0, 0, 1, 1, 1, 1, 1]]
 1 + D^31
 Fatores: 
   [[0, 0, 0, 0, 0, 0, 1, 1], [0, 0, 1, 0, 0, 1, 0, 1], [0, 0, 1, 0, 1, 0, 0, 1], [0, 0, 1, 0, 1, 1, 1, 1], [0, 0, 1, 1, 0, 1, 1, 1], [0, 0, 1, 1, 1, 0, 1, 1], [0, 0, 1, 1, 1, 1, 0, 1]]
 1 + D^63
 Fatores: 
   [[0, 0, 0, 0, 0, 0, 1, 1], [0, 0, 0, 0, 0, 1, 1, 1], [0, 0, 0, 0, 1, 0, 1, 1], [0, 0, 0, 0, 1, 1, 0, 1], [0, 1, 0, 0, 0, 0, 1, 1], [0, 1, 0, 0, 1, 0, 0, 1], [0, 1, 0, 1, 0, 1, 1, 1], [0, 1, 0, 1, 1, 0, 1, 1], [0, 1, 1, 0, 0, 0, 0, 1], [0, 1, 1, 0, 0, 1, 1, 1], [0, 1, 1, 0, 1, 1, 0, 1], [0, 1, 1, 1, 0, 0, 1, 1], [0, 1, 1, 1, 0, 1, 0, 1]]
 1 + D^127
 Fatores: 
   [[0, 0, 0, 0, 0, 0, 1, 1], [0, 0, 0, 0, 0, 0, 0, 0, 1, 0, 0, 0, 0, 0, 1, 1], [0, 0, 0, 0, 0, 0, 0, 0, 1, 0, 0, 0, 1, 0, 0, 1], [0, 0, 0, 0, 0, 0, 0, 0, 1, 0, 0, 0, 1, 1, 1, 1], [0, 0, 0, 0, 0, 0, 0, 0, 1, 0, 0, 1, 0, 0, 0, 1], [0, 0, 0, 0, 0, 0, 0, 0, 1, 0, 0, 1, 1, 1, 0, 1], [0, 0, 0, 0, 0, 0, 0, 0, 1, 0, 1, 0, 0, 1, 1, 1], [0, 0, 0, 0, 0, 0, 0, 0, 1, 0, 1, 0, 1, 0, 1, 1], [0, 0, 0, 0, 0, 0, 0, 0, 1, 0, 1, 1, 1, 0, 0, 1], [0, 0, 0, 0, 0, 0, 0, 0, 1, 0, 1, 1, 1, 1, 1, 1], [0, 0, 0, 0, 0, 0, 0, 0, 1, 1, 0, 0, 0, 0, 0, 1], [0, 0, 0, 0, 0, 0, 0, 0, 1, 1, 0, 0, 1, 0, 1, 1], [0, 0, 0, 0, 0, 0, 0, 0, 1, 1, 0, 1, 0, 0, 1, 1], [0, 0, 0, 0, 0, 0, 0, 0, 1, 1, 0, 1, 0, 1, 0, 1], [0, 0, 0, 0, 0, 0, 0, 0, 1, 1, 1, 0, 0, 1, 0, 1], [0, 0, 0, 0, 0, 0, 0, 0, 1, 1, 1, 0, 1, 1, 1, 1], [0, 0, 0, 0, 0, 0, 0, 0, 1, 1, 1, 1, 0, 0, 0, 1], [0, 0, 0, 0, 0, 0, 0, 0, 1, 1, 1, 1, 0, 1, 1, 1], [0, 0, 0, 0, 0, 0, 0, 0, 1, 1, 1, 1, 1, 1, 0, 1]]
 1 + D^255
 Fatores: 
   [[0, 0, 0, 0, 0, 0, 1, 1], [0, 0, 0, 0, 0, 1, 1, 1], [0, 0, 0, 1, 0, 0, 1, 1], [0, 0, 0, 1, 1, 0, 0, 1], [0, 0, 0, 1, 1, 1, 1, 1]]