Matrix Geradora de 1 + D^7



--------------------------------------------
Matriz G: 
   [1, 0, 1, 1, 0, 0, 0]
   [0, 1, 0, 1, 1, 0, 0]
   [0, 0, 1, 0, 1, 1, 0]
   [0, 0, 0, 1, 0, 1, 1]

 DistMIN: 4

--------------------------------------------
Matriz G: 
   [1, 1, 0, 1, 0, 0, 0]
   [0, 1, 1, 0, 1, 0, 0]
   [0, 0, 1, 1, 0, 1, 0]
   [0, 0, 0, 1, 1, 0, 1]

 DistMIN: 4

--------------------------------------------
Matriz G: 
   [1, 1, 0, 0, 0, 0, 0, 0]
   [0, 1, 1, 0, 0, 0, 0, 0]
   [0, 0, 1, 1, 0, 0, 0, 0]
   [0, 0, 0, 1, 1, 0, 0, 0]

 DistMIN: 2
