D7
[0.000000e+00, 0.000000e+00, 4.642857e-01, 5.178571e-01, 5.178571e-01, 5.714286e-01, 7.500000e-01, 7.500000e-01]

D15
[0.000000e+00, 0.000000e+00, 0.000000e+00, 5.357143e-01, 4.935065e-01, 4.671202e-01, 4.951299e-01, 5.082174e-01, 4.993679e-01, 5.048701e-01, 5.374150e-01, 5.324675e-01, 4.642857e-01, 5.476190e-01, 5.476190e-01, 7.142857e-01]

D31
[0.000000e+00, 0.000000e+00, 0.000000e+00, 0.000000e+00, 3.830645e-01, 4.109238e-01, 4.372200e-01, 4.559532e-01, 4.652218e-01, 4.767018e-01, 4.846098e-01, 4.879220e-01, 4.924405e-01, 4.958779e-01, 4.978195e-01, 5.010081e-01, 5.032373e-01, 5.044192e-01, 5.069179e-01, 5.086042e-01, 5.102975e-01, 5.136746e-01, 5.133768e-01, 5.108305e-01, 5.095486e-01, 5.020721e-01, 4.917522e-01, 4.858871e-01, 4.804688e-01, 3.125000e-01, 3.125000e-01, 3.125000e-01]

D63
[0.000000e+00, 0.000000e+00, 0.000000e+00, 0.000000e+00, 0.000000e+00, 0.000000e+00, 0.000000e+00, 0.000000e+00, 0.000000e+00, 4.597442e-01, 4.705754e-01, 4.705754e-01, 4.789829e-01, 4.789829e-01, 4.850214e-01, 4.850214e-01, 4.893546e-01, 4.893547e-01, 4.925257e-01, 4.925257e-01, 4.948780e-01, 4.948781e-01, 4.966153e-01, 4.966162e-01, 4.979029e-01, 4.979075e-01, 4.988273e-01, 4.988454e-01, 4.994497e-01, 4.995094e-01, 4.998485e-01, 5.000029e-01, 5.001569e-01, 5.004772e-01, 5.005312e-01, 5.010636e-01, 5.010781e-01, 5.018240e-01, 5.018271e-01, 5.027624e-01, 5.027629e-01, 5.038674e-01, 5.038675e-01, 5.051122e-01, 5.051122e-01, 5.064823e-01, 5.064823e-01, 5.079365e-01, 5.079365e-01, 5.094242e-01, 5.094242e-01, 5.109134e-01, 5.109134e-01, 5.123011e-01, 5.123011e-01, 5.132297e-01, 5.132297e-01, 5.156317e-01, 5.156317e-01, 4.861111e-01, 4.861111e-01, 4.861111e-01, 4.861111e-01, 4.861111e-01]


